1. distance(origins, hubs) - The distance between origins and hubs.


1          1                        22554.01658
1          2                        23101.42506
1          3                        11937.12612
1          4                        11286.86710
1          5                        20091.61380
1          6                        13641.88700
1          7                        15360.22868
1          8                         3234.70200
1          9                        18307.07710
1          10                       22642.91397
1          11                       32685.39980
1          12                        4323.00000
1          13                       24539.75780
1          14                       24608.88411
1          15                       10136.00000
2          1                         6469.40399
2          2                        13322.60530
2          3                        11886.19367
2          4                         7205.00000
2          5                        25992.00556
2          6                        21808.14162
2          7                         5203.37823
2          8                        16876.06189
2          9                        12257.02492
2          10                       12364.35947
2          11                       16864.86632
2          12                       13312.73499
2          13                       12416.32671
2          14                       10237.91859
2          15                       23706.35096
3          1                        20043.74616
3          2                        28499.59438
3          3                        34276.08245
3          4                        31675.08208
3          5                        45253.90415
3          6                        43773.89113
3          7                        27747.72122
3          8                        42066.12681
3          9                        29715.48418
3          10                       24879.17493
3          11                       11618.58373
3          12                       39008.66028
3          13                       25268.63259
3          14                       19607.97167
3          15                       49028.09970
4          1                        19351.86317
4          2                        27181.65264
4          3                        33752.12379
4          4                        30972.24630
4          5                        45044.92763
4          6                        43364.84264
4          7                        27097.82399
4          8                        41337.08515
4          9                        29396.25255
4          10                       24667.58653
4          11                       11528.00000
4          12                       38111.47262
4          13                       23947.98465
4          14                       19230.07085
4          15                       48012.59701
5          1                        21720.00000
5          2                         8171.34995
5          3                        23706.35096
5          4                        18853.34859
5          5                        36817.89099
5          6                        30894.10923
5          7                        20155.76843
5          8                        21299.38462
5          9                        27181.65264
5          10                       28439.79903
5          11                       30949.47754
5          12                       14853.03205
5          13                       11286.86710
5          14                       26103.80388
5          15                       17532.82864
6          1                           10.00000
6          2                        16942.26254
6          3                        14688.32244
6          4                        11622.95973
6          5                        27521.79095
6          6                        24657.65571
6          7                         7755.95520
6          8                        22016.80688
6          9                        11876.49527
6          10                        9236.62758
6          11                       10431.70264
6          12                       19432.08895
6          13                       14895.94740
6          14                        4573.63061
6          15                       30076.81798
7          1                        16186.63362
7          2                         8646.00000
7          3                        17399.07492
7          4                        12435.85626
7          5                        30894.10923
7          6                        25239.67609
7          7                        13730.30783
7          8                        16435.46583
7          9                        20714.63956
7          10                       22146.03190
7          11                       26090.24285
7          12                       10190.40102
7          13                       10494.49308
7          14                       20323.15096
7          15                       16826.45072
8          1                        26299.24295
8          2                        33752.12379
8          3                        11618.58373
8          4                        15917.00050
8          5                         7382.01063
8          6                         2042.83749
8          7                        18788.87950
8          8                        10214.18744
8          9                        16126.55264
8          10                       21299.38462
8          11                       34276.08245
8          12                       16460.05641
8          13                       34262.80480
8          14                       25992.00556
8          15                       22038.76811
9          1                        21356.27648
9          2                        16113.38006
9          3                        16504.22713
9          4                        13032.00000
9          5                        27762.77479
9          6                        21479.04290
9          7                        16186.63362
9          8                        11277.00829
9          9                        21767.74864
9          10                       24784.13565
9          11                       31751.60382
9          12                        5213.08546
9          13                       18236.24216
9          14                       24728.71893
9          15                        9244.41934
10         1                        11584.00000
10         2                         7217.61955
10         3                        16826.45072
10         4                        11631.63071
10         5                        30972.24630
10         6                        25992.00556
10         7                        11286.86710
10         8                        18733.00000
10         9                        18508.51653
10         10                       18810.56621
10         11                       21075.52324
10         12                       13288.40762
10         13                        7349.06314
10         14                       15993.05052
10         15                       21652.85866
11         1                        18123.31371
11         2                        14410.00000
11         3                        14249.79719
11         4                        10237.91859
11         5                        26556.88734
11         6                        20520.40996
11         7                        13111.42651
11         8                        10982.61831
11         9                        19043.34267
11         10                       21767.74864
11         11                       28523.59648
11         12                        4559.06054
11         13                       16113.38006
11         14                       21514.32102
11         15                       12257.02492
12         1                        12319.29868
12         2                        20813.51292
12         3                         3225.31053
12         4                         2042.83749
12         5                        17426.18148
12         6                        13049.58486
12         7                         4559.06054
12         8                        10214.18744
12         9                         7240.00000
12         10                       11019.38406
12         11                       21652.85866
12         12                       10237.91859
12         13                       20649.61581
12         14                       13312.73499
12         15                       21075.52324
13         1                        10494.49308
13         2                        24608.88411
13         3                         7227.41953
13         4                         8688.00000
13         5                        17292.00000
13         6                        15530.46567
13         7                         6469.40399
13         8                        16864.86632
13         9                         1441.00000
13         10                        4085.67497
13         11                       16876.06189
13         12                       17613.38412
13         13                       23509.87980
13         14                        8766.41432
13         15                       28439.79903
14         1                         4559.06054
14         2                        17647.03853
14         3                        10190.40102
14         4                         7217.61955
14         5                        23461.65962
14         6                        20225.89874
14         7                         3225.31053
14         8                        17617.79203
14         9                         8413.22536
14         10                        7792.53001
14         11                       14299.86241
14         12                       15639.25638
14         13                       16342.69990
14         14                        6469.40399
14         15                       26550.91684
15         1                        24616.00000
15         2                        10426.17092
15         3                        26065.42729
15         4                        21356.27648
15         5                        38813.91226
15         6                        32739.29457
15         7                        22883.84638
15         8                        22820.12956
15         9                        29829.59819
15         10                       31249.93582
15         11                       33799.11407
15         12                       16460.05641
15         13                       13641.88700
15         14                       28995.82868
15         15                       17292.00000
16         1                         5943.09684
16         2                        18508.51653
16         3                         8766.41432
16         4                         6128.51246
16         5                        22047.18941
16         6                        18788.87950
16         7                         2042.83749
16         8                        16460.05641
16         9                         7217.61955
16         10                        7382.01063
16         11                       15350.35114
16         12                       14891.10637
16         13                       17389.19253
16         14                        7227.41953
16         15                       25877.61596
17         1                        11277.00829
17         2                        27283.77401
17         3                        11660.28267
17         4                        13111.42651
17         5                        19230.07085
17         6                        18814.69365
17         7                        10237.91859
17         8                        21356.27648
17         9                         5213.08546
17         10                        2042.83749
17         11                       14482.56897
17         12                       22146.03190
17         13                       25733.40601
17         14                        7765.23284
17         15                       33008.45425
18         1                        15610.13469
18         2                        20083.39834
18         3                         5968.56306
18         4                         4085.67497
18         5                        18488.83869
18         6                        12901.24211
18         7                         8171.34995
18         8                         6450.62106
18         9                        11673.28304
18         10                       15585.06003
18         11                       25550.94255
18         12                        5792.00000
18         13                       20636.39048
18         14                       17399.07492
18         15                       16504.22713
19         1                        11660.28267
19         2                        28499.59438
19         3                        15639.25638
19         4                        16504.22713
19         5                        22795.30270
19         6                        22820.12956
19         7                        13111.42651
19         8                        25297.29948
19         9                         9254.25826
19         10                        4576.76928
19         11                       11618.58373
19         12                       25648.77153
19         13                       26550.91684
19         14                        7227.41953
19         15                       36614.15420
20         1                        11618.58373
20         2                        22554.01658
20         3                         3225.31053
20         4                         4576.76928
20         5                        16435.46583
20         6                        13049.58486
20         7                         4559.06054
20         8                        12435.85626
20         9                         4344.00000
20         10                        8432.43316
20         11                       20043.74616
20         12                       13111.42651
20         13                       22025.31146
20         14                       11631.63071
20         15                       23874.25224
21         1                        10221.24381
21         2                        26555.80285
21         3                        12430.06520
21         4                        13344.71461
21         5                        20626.61465
21         6                        20035.11967
21         7                        10136.00493
21         8                        22068.24189
21         9                         6121.46265
21         10                        1448.03453
21         11                       13059.52315
21         12                       22469.24378
21         13                       24877.50759
21         14                        6459.55819
21         15                       33411.83421
22         1                        38115.63229
22         2                        39014.63142
22         3                        24589.15356
22         4                        26484.18698
22         5                        22471.80669
22         6                        18123.31371
22         7                        30438.15086
22         8                        16126.55264
22         9                        30642.56231
22         10                       35759.29669
22         11                       47651.49308
22         12                       20636.39048
22         13                       40761.60409
22         14                       39265.41771
22         15                       16876.06189
23         1                         9127.60385
23         2                        23712.43083
23         3                         8164.29911
23         4                         8805.06133
23         5                        18723.00000
23         6                        16866.66965
23         7                         5970.98526
23         8                        17641.32447
23         9                         2872.00000
23         10                        3239.16918
23         11                       15539.74466
23         12                       17903.27749
23         13                       22478.26739
23         14                        7358.86737
23         15                       28835.57941
24         1                        19043.34267
24         2                         9118.12108
24         3                        19662.04384
24         4                        14891.10637
24         5                        32739.29457
24         6                        26849.75622
24         7                        16504.22713
24         8                        17426.18148
24         9                        23377.59004
24         10                       24992.71464
24         11                       28838.57590
24         12                       10982.61831
24         13                       11631.63071
24         14                       23212.77030
24         15                       15530.46567
25         1                         8413.22536
25         2                        24065.51360
25         3                        10214.18744
25         4                        10537.76162
25         5                        20225.89874
25         6                        18746.48938
25         7                         7240.00000
25         8                        19662.04384
25         9                         4559.06054
25         10                        1448.00000
25         11                       13677.18162
25         12                       19686.71308
25         13                       22573.73421
25         14                        5764.00000
25         15                       30666.41761
2. distance(hubs1, hubs2) - The distance between different hubs.


1          1                            0.00000
1          2                        16938.85710
1          3                        14698.12628
1          4                        11631.63071
1          5                        27531.73545
1          6                        24667.58653
1          7                         7765.23284
1          8                        22025.31146
1          9                        11886.19367
1          10                        9244.41934
1          11                       10426.17092
1          12                       19438.75925
1          13                       14891.10637
1          14                        4576.76928
1          15                       30082.56505
2          1                        16938.85710
2          2                            0.00000
2          3                        24017.14596
2          4                        18814.69365
2          5                        38115.63229
2          6                        32947.85494
2          7                        18385.53739
2          8                        24879.17493
2          9                        25560.83410
2          10                       25297.29948
2          11                       24616.00000
2          12                       18788.87950
2          13                        3234.70200
2          14                       21514.32102
2          15                       24638.59736
3          1                        14698.12628
3          2                        24017.14596
3          3                            0.00000
3          4                         5203.37823
3          5                        14203.59902
3          6                        10087.00000
3          7                         7205.00000
3          8                         9704.10599
3          9                         6469.40399
3          10                       11286.86710
3          11                       23263.26142
3          12                       11673.28304
3          13                       23873.55694
3          14                       14853.03205
3          15                       21910.37024
4          1                        11631.63071
4          2                        18814.69365
4          3                         5203.37823
4          4                            0.00000
4          5                        19351.86317
4          6                        14698.12628
4          7                         4085.67497
4          8                        10406.75646
4          9                         8806.69206
4          10                       11937.12612
4          11                       21469.15464
4          12                        9153.53855
4          13                       18746.48938
4          14                       13322.60530
4          15                       20155.76843
5          1                        27531.73545
5          2                        38115.63229
5          3                        14203.59902
5          4                        19351.86317
5          5                            0.00000
5          6                         6469.40399
5          7                        20988.98616
5          8                        16864.86632
5          9                        15851.00000
5          10                       20380.80205
5          11                       33645.29258
5          12                       22573.73421
5          13                       38075.63841
5          14                       25978.38617
5          15                       29302.86186
6          1                        24667.58653
6          2                        32947.85494
6          3                        10087.00000
6          4                        14698.12628
6          5                         6469.40399
6          6                            0.00000
6          7                        17292.00000
6          8                        10426.17092
6          9                        14203.59902
6          10                       19351.86317
6          11                       32402.42548
6          12                       16342.69990
6          13                       33282.95810
6          14                       24166.02441
6          15                       22883.84638
7          1                         7765.23284
7          2                        18385.53739
7          3                         7205.00000
7          4                         4085.67497
7          5                        20988.98616
7          6                        17292.00000
7          7                            0.00000
7          8                        14435.23910
7          9                         7227.41953
7          10                        8688.00000
7          11                       17389.19253
7          12                       12938.80798
7          13                       17617.79203
7          14                        9254.25826
7          15                       23947.98465
8          1                        22025.31146
8          2                        24879.17493
8          3                         9704.10599
8          4                        10406.75646
8          5                        16864.86632
8          6                        10426.17092
8          7                        14435.23910
8          8                            0.00000
8          9                        16173.50998
8          10                       20852.34183
8          11                       31797.12240
8          12                        6450.62106
8          13                       25978.38617
8          14                       23509.87980
8          15                       13111.42651
9          1                        11886.19367
9          2                        25560.83410
9          3                         6469.40399
9          4                         8806.69206
9          5                        15851.00000
9          6                        14203.59902
9          7                         7227.41953
9          8                        16173.50998
9          9                            0.00000
9          10                        5203.37823
9          11                       18236.24216
9          12                       17435.64903
9          13                       24589.15356
9          14                       10190.40102
9          15                       28109.31945
10         1                         9244.41934
10         2                        25297.29948
10         3                        11286.86710
10         4                        11937.12612
10         5                        20380.80205
10         6                        19351.86317
10         7                         8688.00000
10         8                        20852.34183
10         9                         5203.37823
10         10                           0.00000
10         11                       13288.40762
10         12                       21075.52324
10         13                       23706.35096
10         14                        5943.09684
10         15                       32037.38493
11         1                        10426.17092
11         2                        24616.00000
11         3                        23263.26142
11         4                        21469.15464
11         5                        33645.29258
11         6                        32402.42548
11         7                        17389.19253
11         8                        31797.12240
11         9                        18236.24216
11         10                       13288.40762
11         11                           0.00000
11         12                       29793.98451
11         13                       21767.74864
11         14                        8413.22536
11         15                       40505.99403
12         1                        19438.75925
12         2                        18788.87950
12         3                        11673.28304
12         4                         9153.53855
12         5                        22573.73421
12         6                        16342.69990
12         7                        12938.80798
12         8                         6450.62106
12         9                        17435.64903
12         10                       21075.52324
12         11                       29793.98451
12         12                           0.00000
12         13                       20225.89874
12         14                       22073.46280
12         15                       11019.38406
13         1                        14891.10637
13         2                         3234.70200
13         3                        23873.55694
13         4                        18746.48938
13         5                        38075.63841
13         6                        33282.95810
13         7                        17617.79203
13         8                        25978.38617
13         9                        24589.15356
13         10                       23706.35096
13         11                       21767.74864
13         12                       20225.89874
13         13                           0.00000
13         14                       19408.21197
13         15                       27097.82399
14         1                         4576.76928
14         2                        21514.32102
14         3                        14853.03205
14         4                        13322.60530
14         5                        25978.38617
14         6                        24166.02441
14         7                         9254.25826
14         8                        23509.87980
14         9                        10190.40102
14         10                        5943.09684
14         11                        8413.22536
14         12                       22073.46280
14         13                       19408.21197
14         14                           0.00000
14         15                       33014.17576
15         1                        30082.56505
15         2                        24638.59736
15         3                        21910.37024
15         4                        20155.76843
15         5                        29302.86186
15         6                        22883.84638
15         7                        23947.98465
15         8                        13111.42651
15         9                        28109.31945
15         10                       32037.38493
15         11                       40505.99403
15         12                       11019.38406
15         13                       27097.82399
15         14                       33014.17576
15         15                           0.00000
3. distance(hubs, destinations) - The distance between hubs and destinations.


1          1                        25703.91916
1          2                        11019.38406
1          3                        42016.71745
1          4                        11277.00829
1          5                        43453.89949
1          6                        20428.37487
1          7                         8766.41432
1          8                        25560.83410
1          9                        20174.00000
1          10                       16504.22713
1          11                        9254.25826
1          12                       27181.65264
1          13                       20323.15096
1          14                        6469.40399
1          15                        1441.00000
1          16                       28320.08547
1          17                       16126.55264
1          18                        9244.41934
1          19                       21808.14162
1          20                       10982.61831
1          21                       27354.36324
1          22                       13677.18162
1          23                       26090.24285
1          24                        3225.31053
1          25                       18788.87950
2          1                        25938.00000
2          2                        26103.80388
2          3                        27041.52586
2          4                         9153.53855
2          5                        28430.12538
2          6                        20225.89874
2          7                        20428.37487
2          8                        23237.16747
2          9                        30438.15086
2          10                       10087.00000
2          11                       14435.23910
2          12                       19351.86317
2          13                        8413.22536
2          14                       23377.59004
2          15                       16504.22713
2          16                       34262.80480
2          17                       12257.02492
2          18                       10237.91859
2          19                       30322.31299
2          20                       25733.40601
2          21                       32518.21649
2          22                       27602.16066
2          23                       16826.45072
2          24                       14764.02127
2          25                       28456.51786
3          1                        14249.79719
3          2                        22820.12956
3          3                        41190.92348
3          4                        23461.65962
3          5                        42558.19683
3          6                        11584.00000
3          7                         5943.09684
3          8                        16186.63362
3          9                         6450.62106
3          10                       16479.70245
3          11                        9675.93158
3          12                       21910.37024
3          13                       21682.25858
3          14                       14435.23910
3          15                       16113.38006
3          16                       13677.18162
3          17                       29145.54402
3          18                       21808.14162
3          19                        7205.00000
3          20                        8432.43316
3          21                       12901.24211
3          22                        7382.01063
3          23                       22471.80669
3          24                       17352.52051
3          25                        4559.06054
4          1                        14299.86241
4          2                        21479.04290
4          3                        37218.18529
4          4                        18788.87950
4          5                        38618.29049
4          6                         9704.10599
4          7                         4576.76928
4          8                        14891.10637
4          9                        11631.63071
4          10                       11660.28267
4          11                        4559.06054
4          12                       18879.07458
4          13                       16864.86632
4          14                       13641.88700
4          15                       12901.24211
4          16                       17352.52051
4          17                       24539.75780
4          18                       17292.00000
4          19                       11886.19367
4          20                       10136.00000
4          21                       16113.38006
4          22                       10537.76162
4          23                       18879.07458
4          24                       13677.18162
4          25                        9675.93158
5          1                        20155.76843
5          2                        32518.21649
5          3                        51843.15179
5          4                        37423.77748
5          5                        53093.10803
5          6                        21682.25858
5          7                        19230.07085
5          8                        23947.98465
5          9                         7765.23284
5          10                       29764.44375
5          11                       23873.55694
5          12                       31751.60382
5          13                       34778.38507
5          14                       24667.58653
5          15                       28965.13794
5          16                       10136.00000
5          17                       43000.68624
5          18                       35658.58101
5          19                        8171.34995
5          20                       17352.52051
5          21                       11673.28304
5          22                       14482.56897
5          23                       33284.16189
5          24                       30571.20307
5          25                        9675.93158
6          1                        13730.30783
6          2                        31629.50243
6          3                        45388.06398
6          4                        33426.46833
6          5                        46632.43819
6          6                        15360.22868
6          7                        15917.00050
6          8                        17481.79650
6          9                         5203.37823
6          10                       24017.14596
6          11                       19230.07085
6          12                       25297.29948
6          13                       28870.47821
6          14                       23295.69851
6          15                       26099.16972
6          16                        5213.08546
6          17                       39148.75458
6          18                       31834.00101
6          19                        2882.00000
6          20                       16126.55264
6          21                        5968.56306
6          22                       13612.94913
6          23                       26888.89364
6          24                       27417.26363
6          25                        5943.09684
7          1                        18385.53739
7          2                        17399.07492
7          3                        39518.61475
7          4                        16435.46583
7          5                        40941.77392
7          6                        13641.88700
7          7                         2042.83749
7          8                        18853.34859
7          9                        13288.40762
7          10                       13346.87034
7          11                        4576.76928
7          12                       22146.03190
7          13                       18307.07710
7          14                        9704.10599
7          15                        9118.12108
7          16                       20636.39048
7          17                       22047.18941
7          18                       14698.12628
7          19                       14410.00000
7          20                        7792.53001
7          21                       19607.97167
7          22                        9254.25826
7          23                       21767.74864
7          24                       10190.40102
7          25                       11618.58373
8          1                         4576.76928
8          2                        31675.50372
8          3                        34980.84802
8          4                        27721.47141
8          5                        36237.83906
8          6                         5203.37823
8          7                        14299.86241
8          8                         7382.01063
8          9                        11673.28304
8          10                       15050.52943
8          11                       13677.18162
8          12                       14891.10637
8          13                       19351.86317
8          14                       23519.76992
8          15                       23263.26142
8          16                        9675.93158
8          17                       33426.46833
8          18                       26576.81523
8          19                        9153.53855
8          20                       18123.31371
8          21                        7765.23284
8          22                       16938.85710
8          23                       16479.70245
8          24                       23873.55694
8          25                       10136.00000
9          1                        20714.63956
9          2                        17426.18148
9          3                        46007.39194
9          4                        22577.17369
9          5                        47411.45268
9          6                        17613.38412
9          7                         5213.08546
9          8                        22471.80669
9          9                         9118.12108
9          10                       20155.76843
9          11                       11660.28267
9          12                       27512.00000
9          13                       25268.63259
9          14                        9118.12108
9          15                       13288.40762
9          16                       18814.69365
9          17                       27848.12992
9          18                       20649.61581
9          19                       11631.63071
9          20                        2042.83749
9          21                       18488.83869
9          22                        2042.83749
9          23                       27662.53907
9          24                       15050.52943
9          25                        8413.22536
10         1                        25297.29948
10         2                        12319.29868
10         3                        48130.38907
10         4                        20520.40996
10         5                        49558.33916
10         6                        21514.32102
10         7                         7382.01063
10         8                        26602.53794
10         9                        14203.59902
10         10                       21910.37024
10         11                       13111.42651
10         12                       30713.75576
10         13                       26693.74069
10         14                        4323.00000
10         15                       10406.75646
10         16                       24017.14596
10         17                       25239.67609
10         18                       18488.83869
10         19                       16826.45072
10         20                        3225.31053
10         21                       23676.90201
10         22                        5943.09684
10         23                       30442.12452
10         24                       12416.32671
10         25                       13612.94913
11         1                        35759.29669
11         2                         2042.83749
11         3                        51189.59294
11         4                        16186.63362
11         5                        52613.66694
11         6                        30720.45735
11         7                        17617.79203
11         8                        35895.53287
11         9                        27354.36324
11         10                       26602.53794
11         11                       19662.04384
11         12                       37525.58700
11         13                       29842.81530
11         14                        9118.12108
11         15                        9704.10599
11         16                       36771.72328
11         17                       18123.31371
11         18                       14551.52504
11         19                       29728.75203
11         20                       16435.46583
11         21                       36151.65529
11         22                       19230.07085
11         23                       36287.80120
11         24                       10537.76162
11         25                       26511.15812
12         1                         7349.06314
12         2                        30082.56505
12         3                        29829.59819
12         4                        22795.30270
12         5                        31160.82932
12         6                         1441.00000
12         7                        13730.30783
12         8                         6128.51246
12         9                        16173.50998
12         10                        8766.41432
12         11                       10214.18744
12         12                       10237.91859
12         13                       12901.24211
12         14                       22642.91397
12         15                       20428.37487
12         16                       16126.55264
12         17                       28320.08547
12         18                       21965.23663
12         19                       14454.83905
12         20                       19043.34267
12         21                       14203.59902
12         22                       18824.00000
12         23                       11019.38406
12         24                       20520.40996
12         25                       14249.79719
13         1                        27531.73545
13         2                        23346.56609
13         3                        30223.08581
13         4                         5968.56306
13         5                        31603.66624
13         6                        21663.44684
13         7                        19632.70886
13         8                        25172.41095
13         9                        30322.31299
13         10                       11886.19367
13         11                       14203.59902
13         12                       22025.31146
13         13                       11277.00829
13         14                       21356.27648
13         15                       14249.79719
13         16                       35065.65727
13         17                        9244.41934
13         18                        7240.00000
13         19                       30550.46474
13         20                       24514.04985
13         21                       33426.46833
13         22                       26625.46999
13         23                       19632.70886
13         24                       12364.35947
13         25                       28407.19803
14         1                        27602.16066
14         2                         8171.34995
14         3                        46336.00000
14         4                        15360.22868
14         5                        47774.00000
14         6                        22859.08872
14         7                         9244.41934
14         8                        28071.52338
14         9                        19230.07085
14         10                       20475.83717
14         11                       12364.35947
14         12                       30666.41761
14         13                       24616.00000
14         14                        2042.83749
14         15                        5213.08546
14         16                       28407.19803
14         17                       19632.70886
14         18                       13322.60530
14         19                       21433.80218
14         20                        8646.00000
14         21                       27747.72122
14         22                       11528.00000
14         23                       29842.81530
14         24                        7227.41953
14         25                       18236.24216
15         1                         9153.53855
15         2                        40925.66101
15         3                        23519.76992
15         4                        31220.26938
15         5                        24601.23568
15         6                        10537.76162
15         7                        24728.71893
15         8                         5792.00000
15         9                        24784.13565
15         10                       15610.13469
15         11                       20852.34183
15         12                        5764.00000
15         13                       16435.46583
15         14                       33649.58490
15         15                       30933.35974
15         16                       20091.61380
15         17                       36151.65529
15         18                       30894.10923
15         19                       22146.03190
15         20                       29842.81530
15         21                       18123.31371
15         22                       29280.87992
15         23                        8646.00000
15         24                       30720.45735
15         25                       23212.77030
4. Origin Coordinate(origins, X-or-Y) - The origin coordinates 1=X, 2=Y.


1          1                        40348.00000
1          2                        28960.00000
2          1                        25938.00000
2          2                        37648.00000
3          1                         5764.00000
3          2                        53576.00000
4          1                         5764.00000
4          2                        52128.00000
5          1                        23056.00000
5          2                        21720.00000
6          1                        23066.00000
6          2                        43440.00000
7          1                        25938.00000
7          2                        27512.00000
8          1                        48994.00000
8          2                        39096.00000
9          1                        33143.00000
9          2                        24616.00000
10         1                        23056.00000
10         2                        31856.00000
11         1                        31702.00000
11         2                        27512.00000
12         1                        34584.00000
12         2                        39096.00000
13         1                        33143.00000
13         2                        46336.00000
14         1                        27379.00000
14         2                        41992.00000
15         1                        23056.00000
15         2                        18824.00000
16         1                        28820.00000
16         2                        41992.00000
17         1                        31702.00000
17         2                        50680.00000
18         1                        36025.00000
18         2                        34752.00000
19         1                        28820.00000
19         2                        53576.00000
20         1                        34584.00000
20         2                        41992.00000
21         1                        30271.00000
21         2                        50680.00000
22         1                        56199.00000
22         2                        24616.00000
23         1                        31712.00000
23         2                        46336.00000
24         1                        25938.00000
24         2                        24616.00000
25         1                        30261.00000
25         2                        47784.00000
5. Hub Coordinate(hubs, X-or-Y) - The hub coordinates 1=X, 2=Y.


1          1                        23056.00000
1          2                        43440.00000
2          1                        17292.00000
2          2                        27512.00000
3          1                        37466.00000
3          2                        40544.00000
4          1                        33143.00000
4          2                        37648.00000
5          1                        50435.00000
5          2                        46336.00000
6          1                        47553.00000
6          2                        40544.00000
7          1                        30261.00000
7          2                        40544.00000
8          1                        41789.00000
8          2                        31856.00000
9          1                        34584.00000
9          2                        46336.00000
10         1                        30261.00000
10         2                        49232.00000
11         1                        17292.00000
11         2                        52128.00000
12         1                        36025.00000
12         2                        28960.00000
13         1                        15851.00000
13         2                        30408.00000
14         1                        24497.00000
14         2                        47784.00000
15         1                        40348.00000
15         2                        18824.00000
6. Destination Coordinate(destinations, X-or-Y) - The destination coordinates 1=X, 2=Y.


1          1                        43230.00000
1          2                        27512.00000
2          1                        18733.00000
2          2                        53576.00000
3          1                        24497.00000
3          2                         1448.00000
4          1                        14410.00000
4          2                        36200.00000
5          1                        24497.00000
5          2                           10.00000
6          1                        37466.00000
6          2                        28960.00000
7          1                        31702.00000
7          2                        41992.00000
8          1                        40348.00000
8          2                        24616.00000
9          1                        43230.00000
9          2                        43440.00000
10         1                        27379.00000
10         2                        27512.00000
11         1                        28820.00000
11         2                        36200.00000
12         1                        34584.00000
12         2                        18824.00000
13         1                        24497.00000
13         2                        23168.00000
14         1                        25938.00000
14         2                        49232.00000
15         1                        21615.00000
15         2                        43440.00000
16         1                        50435.00000
16         2                        36200.00000
17         1                         8646.00000
17         2                        36200.00000
18         1                        15851.00000
18         2                        37648.00000
19         1                        44671.00000
19         2                        40544.00000
20         1                        33143.00000
20         2                        47784.00000
21         1                        48994.00000
21         2                        34752.00000
22         1                        36025.00000
22         2                        47784.00000
23         1                        31702.00000
23         2                        18824.00000
24         1                        20174.00000
24         2                        41992.00000
25         1                        41789.00000
25         2                        41992.00000
7. values(products) - Transportation weights for products


1                           0.26400
2                           1.02000
3                           1.58200
4                           1.65900
5                           0.35200
6                           1.27900
7                           1.12000
8                           1.43400
9                           1.81500
10                          1.93600
11                          0.87900
12                          0.29300
13                          0.74400
14                          0.23400
15                          1.06200
16                          1.25200
17                          0.27700
18                          1.44400
19                          0.25300
20                          0.85100
21                          0.83600
22                          0.57900
23                          0.58400
24                          1.85300
25                          0.17800
8. demands(products) - Product demand.


1                          68.00000
2                          49.00000
3                          50.00000
4                          55.00000
5                          69.00000
6                          66.00000
7                          26.00000
8                          44.00000
9                          38.00000
10                         35.00000
11                         49.00000
12                         77.00000
13                         47.00000
14                         45.00000
15                         42.00000
16                         64.00000
17                         45.00000
18                         42.00000
19                         35.00000
20                         50.00000
21                         52.00000
22                         66.00000
23                         77.00000
24                         55.00000
25                         34.00000
9. Mapping between products and their origin nodes (products, origins)


1          1                                YES
1          2                                YES
1          3                                YES
1          4                                YES
2          5                                YES
2          6                                YES
2          7                                YES
2          8                                YES
3          9                                YES
3          10                               YES
3          11                               YES
3          12                               YES
4          13                               YES
4          14                               YES
4          15                               YES
4          16                               YES
5          17                               YES
5          18                               YES
5          19                               YES
6          20                               YES
6          21                               YES
7          22                               YES
7          23                               YES
7          24                               YES
7          25                               YES
8          1                                YES
8          15                               YES
9          5                                YES
9          9                                YES
9          11                               YES
9          17                               YES
10         3                                YES
10         6                                YES
10         20                               YES
10         21                               YES
11         16                               YES
11         20                               YES
12         4                                YES
12         16                               YES
13         12                               YES
13         18                               YES
13         24                               YES
14         1                                YES
14         2                                YES
14         6                                YES
14         19                               YES
15         5                                YES
15         15                               YES
15         16                               YES
16         1                                YES
16         13                               YES
17         14                               YES
17         16                               YES
17         21                               YES
17         25                               YES
18         1                                YES
18         9                                YES
18         10                               YES
19         5                                YES
19         8                                YES
19         11                               YES
19         20                               YES
20         17                               YES
20         19                               YES
21         2                                YES
21         7                                YES
21         11                               YES
21         12                               YES
22         16                               YES
22         19                               YES
23         15                               YES
23         23                               YES
23         24                               YES
24         6                                YES
24         7                                YES
24         15                               YES
24         25                               YES
25         17                               YES
25         20                               YES
25         21                               YES
10. Mapping between products and their destination nodes (products, destinations)


1          1                                YES
1          2                                YES
2          3                                YES
2          4                                YES
2          5                                YES
3          6                                YES
3          7                                YES
3          8                                YES
3          9                                YES
4          10                               YES
4          11                               YES
5          12                               YES
5          13                               YES
6          14                               YES
6          15                               YES
6          16                               YES
6          17                               YES
7          18                               YES
7          19                               YES
7          20                               YES
8          21                               YES
8          22                               YES
8          23                               YES
8          24                               YES
9          1                                YES
9          2                                YES
9          3                                YES
9          25                               YES
10         7                                YES
10         11                               YES
11         7                                YES
11         18                               YES
12         5                                YES
12         7                                YES
12         14                               YES
12         15                               YES
13         12                               YES
13         22                               YES
13         23                               YES
14         2                                YES
14         10                               YES
14         20                               YES
15         15                               YES
15         19                               YES
15         21                               YES
15         25                               YES
16         12                               YES
16         15                               YES
16         22                               YES
16         24                               YES
17         10                               YES
17         17                               YES
17         20                               YES
18         14                               YES
18         22                               YES
19         3                                YES
19         6                                YES
19         15                               YES
19         22                               YES
20         2                                YES
20         9                                YES
20         17                               YES
21         14                               YES
21         23                               YES
21         24                               YES
22         12                               YES
22         21                               YES
22         23                               YES
23         9                                YES
23         15                               YES
23         16                               YES
23         19                               YES
24         14                               YES
24         15                               YES
25         5                                YES
25         15                               YES
25         22                               YES
25         25                               YES
11. ocCost(origins, products) - Origin assignment costs by origins and products.


1          1                           21.00000
1          8                           27.00000
1          14                          27.00000
1          16                          36.00000
1          18                          21.00000
2          1                           21.00000
2          14                          27.00000
2          21                          35.00000
3          1                           40.00000
3          10                          24.00000
4          1                           23.00000
4          12                          36.00000
5          2                           24.00000
5          9                           22.00000
5          15                          23.00000
5          19                          22.00000
6          2                           33.00000
6          10                          37.00000
6          14                          28.00000
6          24                          39.00000
7          2                           25.00000
7          21                          23.00000
7          24                          31.00000
8          2                           40.00000
8          19                          34.00000
9          3                           24.00000
9          9                           39.00000
9          18                          35.00000
10         3                           38.00000
10         18                          35.00000
11         3                           34.00000
11         9                           25.00000
11         19                          23.00000
11         21                          24.00000
12         3                           34.00000
12         13                          31.00000
12         21                          38.00000
13         4                           39.00000
13         16                          35.00000
14         4                           40.00000
14         17                          32.00000
15         4                           31.00000
15         8                           29.00000
15         15                          40.00000
15         23                          37.00000
15         24                          37.00000
16         4                           36.00000
16         11                          27.00000
16         12                          23.00000
16         15                          30.00000
16         17                          23.00000
16         22                          32.00000
17         5                           21.00000
17         9                           34.00000
17         20                          35.00000
17         25                          21.00000
18         5                           37.00000
18         13                          30.00000
19         5                           26.00000
19         14                          31.00000
19         20                          31.00000
19         22                          25.00000
20         6                           27.00000
20         10                          33.00000
20         11                          25.00000
20         19                          22.00000
20         25                          35.00000
21         6                           34.00000
21         10                          23.00000
21         17                          26.00000
21         25                          28.00000
22         7                           31.00000
23         7                           28.00000
23         23                          40.00000
24         7                           29.00000
24         13                          40.00000
24         23                          21.00000
25         7                           23.00000
25         17                          33.00000
25         24                          33.00000
12. dcCost(destinations, products) - Destination assignment costs by destinations and products.


1          1                           35.00000
1          9                           28.00000
2          1                           27.00000
2          9                           39.00000
2          14                          29.00000
2          20                          22.00000
3          2                           36.00000
3          9                           30.00000
3          19                          31.00000
4          2                           31.00000
5          2                           39.00000
5          12                          33.00000
5          25                          30.00000
6          3                           33.00000
6          19                          36.00000
7          3                           22.00000
7          10                          25.00000
7          11                          30.00000
7          12                          27.00000
8          3                           33.00000
9          3                           25.00000
9          20                          28.00000
9          23                          33.00000
10         4                           34.00000
10         14                          36.00000
10         17                          24.00000
11         4                           36.00000
11         10                          39.00000
12         5                           39.00000
12         13                          39.00000
12         16                          39.00000
12         22                          32.00000
13         5                           32.00000
14         6                           39.00000
14         12                          35.00000
14         18                          25.00000
14         21                          34.00000
14         24                          38.00000
15         6                           26.00000
15         12                          38.00000
15         15                          25.00000
15         16                          28.00000
15         19                          25.00000
15         23                          28.00000
15         24                          39.00000
15         25                          29.00000
16         6                           38.00000
16         23                          37.00000
17         6                           36.00000
17         17                          40.00000
17         20                          25.00000
18         7                           28.00000
18         11                          21.00000
19         7                           30.00000
19         15                          24.00000
19         23                          26.00000
20         7                           26.00000
20         14                          24.00000
20         17                          38.00000
21         8                           23.00000
21         15                          29.00000
21         22                          28.00000
22         8                           27.00000
22         13                          37.00000
22         16                          21.00000
22         18                          27.00000
22         19                          28.00000
22         25                          26.00000
23         8                           24.00000
23         13                          28.00000
23         21                          29.00000
23         22                          32.00000
24         8                           29.00000
24         16                          38.00000
24         21                          33.00000
25         9                           40.00000
25         15                          27.00000
25         25                          27.00000
13. HubCost(hubs) - Hub costs by hubs.


1                         384.00000
2                         648.00000
3                         969.00000
4                         276.00000
5                         513.00000
6                         558.00000
7                         448.00000
8                         910.00000
9                         467.00000
10                        590.00000
11                        896.00000
12                        304.00000
13                        783.00000
14                        580.00000
15                        893.00000
14. CAcap(origins, products) - Origin capacity by origins and products.


1          1                           46.17200
1          8                           32.95600
1          14                          32.76000
1          16                          44.80000
1          18                          28.81200
2          1                           46.64800
2          14                          35.28000
2          21                          35.67200
3          1                           53.78800
3          10                          28.17500
4          1                           49.02800
4          12                          54.97800
5          2                           36.70100
5          9                           28.99400
5          15                          28.81200
5          19                          27.68500
6          2                           38.75900
6          10                          26.95000
6          14                          32.44500
6          24                          37.73000
7          2                           39.44500
7          21                          40.76800
7          24                          41.58000
8          2                           34.64300
8          19                          24.01000
9          3                           34.30000
9          9                           27.13200
9          18                          33.22200
10         3                           39.90000
10         18                          31.75200
11         3                           37.80000
11         9                           30.59000
11         19                          28.17500
11         21                          41.49600
12         3                           35.00000
12         13                          32.24200
12         21                          38.22000
13         4                           42.35000
13         16                          50.62400
14         4                           38.88500
14         17                          32.13000
15         4                           43.89000
15         8                           32.64800
15         15                          28.22400
15         23                          61.98500
15         24                          40.04000
16         4                           38.11500
16         11                          37.38700
16         12                          58.75100
16         15                          31.45800
16         17                          34.65000
16         22                          45.73800
17         5                           50.71500
17         9                           28.99400
17         20                          39.90000
17         25                          23.80000
18         5                           54.09600
18         13                          34.21600
19         5                           47.81700
19         14                          34.65000
19         20                          39.20000
19         22                          46.66200
20         6                           52.66800
20         10                          23.76500
20         11                          33.61400
20         19                          25.48000
20         25                          27.13200
21         6                           46.66200
21         10                          26.46000
21         17                          31.18500
21         25                          25.94200
22         7                           19.29200
23         7                           18.20000
23         23                          52.82200
24         7                           19.83800
24         13                          35.53200
24         23                          56.59500
25         7                           18.56400
25         17                          33.39000
25         24                          38.50000
15. CPcap(destinations, products) - Destination capacity by destinations and products.


1          1                           54.26400
1          9                           29.26000
2          1                           51.88400
2          9                           26.86600
2          14                          34.02000
2          20                          40.25000
3          2                           38.75900
3          9                           27.13200
3          19                          27.44000
4          2                           39.44500
5          2                           35.32900
5          12                          54.97800
5          25                          23.08600
6          3                           39.90000
6          19                          24.25500
7          3                           36.05000
7          10                          25.97000
7          11                          34.30000
7          12                          56.59500
8          3                           35.70000
9          3                           35.70000
9          20                          35.35000
9          23                          59.82900
10         4                           43.89000
10         14                          31.50000
10         17                          33.70500
11         4                           38.50000
11         10                          26.46000
12         5                           46.36800
12         13                          35.53200
12         16                          43.45600
12         22                          50.35800
13         5                           46.85100
14         6                           46.66200
14         12                          59.82900
14         18                          29.10600
14         21                          39.67600
14         24                          43.89000
15         6                           44.81400
15         12                          58.21200
15         15                          28.81200
15         16                          43.45600
15         19                          25.97000
15         23                          54.43900
15         24                          38.88500
15         25                          23.80000
16         6                           46.66200
16         23                          52.82200
17         6                           52.20600
17         17                          33.07500
17         20                          40.25000
18         7                           18.56400
18         11                          37.73000
19         7                           18.38200
19         15                          30.87000
19         23                          60.90700
20         7                           20.38400
20         14                          30.55500
20         17                          30.87000
21         8                           35.11200
21         15                          33.51600
21         22                          53.13000
22         8                           32.95600
22         13                          34.54500
22         16                          45.69600
22         18                          33.22200
22         19                          27.19500
22         25                          24.51400
23         8                           34.80400
23         13                          34.54500
23         21                          36.40000
23         22                          44.81400
24         8                           31.10800
24         16                          44.35200
24         21                          39.67600
25         9                           26.33400
25         15                          31.75200
25         25                          24.03800
